1593326225701717188334037111425359127138512324945743711294024460075377172985524819472680355872170395569016093752628516876254232560412670420129021724057156769422272151448461996634558399312613
1226132595394188293000174702095995
6348991937504800585712424788774240363794295386461634460789995227780425329818649176202420394392566714919796045762449
77221333291477573916747849626616800263875223805124441817247441594349468628182374709380225362753946409597361843796838529492970802496439099732384073760108548271802099461401301229483989
3919377061614427623668052985592742430389065042819420493170692719480242247392252775480208752179017313071371501566248877239254299341332131655760767122899079117071192049598939666199865808814650408864891823186505
9969216677189303386214405760200
37845458344187320471089755413366203520235473765747838507616412856336016496087735221319219073488777057045434143
236248969359639118560137204624617865430123602735508361316294830562477440340676396673999176973574870375672987279950484314711352996717126441
9798174451120912445558785144649757148082243494220523290580147486639333658127841144016820895796354650742381254461383043036431993463924350848845186326770158156487270591499492561
44225333398004061429732838340729878012027363723832270745251370289
5272493449209568587646043973612216714255778679494571578509044290696557106323
103881042195729914708510518382775401680142036775841
1081213530912648191985419587942084110095342850438593857649766278346130479286685742885693301250359913460718567974798268702550329302771992851392180275594318434818082
382699285659014174244530850035136059033084785
27332759203762391000908267962175339332906872716290689783750745455
711191848662898739848693775198753609852446309655832028330454660598682611672193522149774111717714260979387118204994178871696251636420290229056920
14012222329320380360477957577902026327196843291708621628988463816224289805272203709520415969453367214046785150335122978
232463163452691875116448707769659008534278699381855126493428004605356531720604355018499811475366509176270564632976516161366802138971616417014769346741007116753309016226401734111028987677602
53316291173
1263481299239945621154619718651810001943971713764067899501184731173072837429156065756267486503928793532511934548730631
5876600217011727891986851402355662620898026272799849437157779835010586219504163589210317027
563314324863738664099697417792239520643331149034998398466584664204794481441166294358960115340179044476635428350981139309819214226059344150067839300714177840982498095