838244900 2035373506
1534163423 1422061727
1080890723 610156810
96152676 236917125
352428545 1906966110
1292044278 1844388709
1577238303 50305999
1798204070 2015483649
1063947294 2023037668
1786287359 2067650655
428760133 70353056
1456806865 2035830740
864586374 1345571722
399622397 3611091
398646874 1557755531
718423346 603961750
631752980 310642105
1131168618 1908218296
516068782 767274551
1524981374 1151425986
654733731 502530410
1387219112 951765874
583086426 1321693478
1184538582 728605416
452946026 1094152363
327589905 630760359
1234113358 239640463